25.64
25.64
25.64
25.64
25.64
25.64
25.64
25.64
25.64
25.64
25.64
25.64
25.64
25.64
25.64
25.64
25.64
25.64
25.54
25.64
25.64
25.64
25.64
25.64
25.64
25.64
25.64
25.54
25.54
25.54
25.54
25.54
25.64
25.64
25.64
25.64
25.64
25.64
25.64
25.64
25.64
25.64
25.64
25.64
25.64
25.64
25.64
25.64
25.64
25.64
25.64
25.64
25.64
25.64
25.64
25.64
25.64
25.64
25.64
25.64
25.64
25.64
25.64
25.64
25.64
25.64
25.64
25.64
25.64
25.64
25.64
25.64
25.64
25.64
25.64
25.64
25.64
25.64
25.64
25.64
25.64
25.64
25.64
25.64
25.64
25.64
25.64
25.64
25.64
25.64
25.64
25.94
26.34
26.65
27.05
27.26
27.56
27.77
27.97
28.18
28.28
28.49
28.59
28.69
28.90
28.90
29.11
29.21
29.21
29.31
29.42
29.52
29.31
29.62
29.62
29.73
29.73
29.62
29.83
29.94
29.94
29.83
29.73
29.52
29.42
29.31
29.21
29.11
29.00
28.90
28.80
28.69
28.69
28.59
28.49
28.38
28.28
28.28
28.18
28.08
28.08
27.97
27.87
27.87
27.77
27.77
27.67
27.56
27.56
27.56
27.46
27.46
27.36
27.36
27.26
27.26
27.16
27.16
27.05
27.05
27.05
26.95
26.95
26.95
26.85
26.85
26.75
26.75
26.75
26.65
26.65
26.65
26.55
26.55
26.55
26.55
26.55
26.45
26.45
26.45
26.45
26.34
26.34
26.34
26.34
25.74
25.74
25.74
25.74
25.64
25.64
25.64
25.64
25.64
25.54
25.54
25.54
25.54
25.54
25.54
25.54
25.54
25.44
25.44
25.44
25.44
25.44
25.44
25.44
25.44
25.44
25.44
25.33
25.33
25.33
25.33
25.33
25.33
25.33
25.33
25.33
25.33
25.33
25.33
25.33
25.33
25.33
25.33
25.33
25.33
25.33
25.23
25.23
25.23
25.23
25.23
25.23
25.23
25.23
25.23
25.23
25.23
25.23
25.23
25.23
25.23
25.23
25.23
25.23
25.23
25.13
25.13
25.13
25.23
25.13
25.13
25.23
25.23
25.23
25.23
25.23
25.23
25.13
25.23
25.23
25.13
25.13
25.13
25.13
25.13
25.13
25.13
25.13
25.13
25.13
25.13
25.13
25.13
25.13
25.13
25.13
25.13
25.13
25.13
25.13
25.13
25.13
25.13
25.13
25.13
25.13
25.13
25.13
25.13
25.13
25.13
25.13
25.13
25.13
25.13
25.13
25.13
25.13
25.13
25.13
25.13
25.13
25.13
25.13
25.13
25.13
25.13
25.13
25.13
25.13
25.13
25.13
25.13
25.13
25.13
25.13
25.13
25.13
25.13
25.13
25.13
25.13
25.13
25.13
25.13
25.13
25.13
25.13
25.13
25.13
25.13
25.13
25.03
25.13
25.13
25.13
25.13
25.13
25.13
25.13
25.03
25.03
25.13
25.13
25.13
25.13
25.13
25.13
25.13
25.03
25.13
25.13
25.13
25.13
25.13
25.03
25.13
25.13
25.03
25.13
25.13
25.03
25.13
25.13
25.13
25.13
25.03
25.13
25.03
25.13
25.13
25.03
25.03
25.13
25.13
25.03
25.13
25.03
25.03
25.13
25.13
25.13
25.03
25.03
25.03
25.13
25.03
25.03
25.03
25.03
25.03
25.13
25.03
25.03
25.03
25.03
25.03
25.13
25.03
25.13
25.03
25.03
25.03
25.03
25.03
25.03
25.03
25.03
25.03
25.03
25.03
25.03
25.03
25.03
25.03
25.03
